D = 2;
n = [ 2 3 ];
N = 8;
d = [ 1 1 1 1 2 2 2 2 ];
m = [
    [ 1.00 0.27 0.52 0.45 0.91 0.36 0.66 0.71 ]
    [ 0.27 1.00 0.88 0.65 0.46 0.39 0.53 0.69 ]
    [ 0.52 0.88 1.00 0.37 0.12 0.28 0.97 0.62 ]
    [ 0.45 0.65 0.37 1.00 0.92 0.21 0.59 0.97 ]
    [ 0.91 0.46 0.12 0.92 1.00 0.35 0.50 0.28 ]
    [ 0.36 0.39 0.28 0.21 0.35 1.00 0.34 0.15 ]
    [ 0.66 0.53 0.97 0.59 0.50 0.34 1.00 0.57 ]
    [ 0.71 0.69 0.62 0.97 0.28 0.15 0.57 1.00 ]
];
