D = 2;
n = [ 2 3 ];
N = 8;
d = [ 1 1 1 1 2 2 2 2 ];
m = [
    [ 1.00 0.97 0.11 0.63 0.59 0.27 0.35 0.19 ]
    [ 0.97 1.00 0.85 0.56 0.81 0.86 0.56 0.45 ]
    [ 0.11 0.85 1.00 0.89 0.46 0.44 0.94 0.54 ]
    [ 0.63 0.56 0.89 1.00 0.39 0.92 0.18 0.59 ]
    [ 0.59 0.81 0.46 0.39 1.00 0.14 0.63 0.78 ]
    [ 0.27 0.86 0.44 0.92 0.14 1.00 0.87 0.19 ]
    [ 0.35 0.56 0.94 0.18 0.63 0.87 1.00 0.18 ]
    [ 0.19 0.45 0.54 0.59 0.78 0.19 0.18 1.00 ]
];
