D = 2;
n = [ 2 3 ];
N = 8;
d = [ 1 1 1 1 2 2 2 2 ];
m = [
    [ 1.00 0.99 0.86 0.18 0.63 0.96 0.32 0.65 ]
    [ 0.99 1.00 0.43 0.58 0.48 0.60 0.53 0.77 ]
    [ 0.86 0.43 1.00 0.78 0.70 0.84 0.64 0.37 ]
    [ 0.18 0.58 0.78 1.00 0.57 0.70 0.28 0.61 ]
    [ 0.63 0.48 0.70 0.57 1.00 0.70 0.29 0.54 ]
    [ 0.96 0.60 0.84 0.70 0.70 1.00 0.99 0.78 ]
    [ 0.32 0.53 0.64 0.28 0.29 0.99 1.00 0.22 ]
    [ 0.65 0.77 0.37 0.61 0.54 0.78 0.22 1.00 ]
];
